#x_inv(km)	accu_opt(ice-m/yr)
0.000000000000000000e+00	2.011555319691588767e-02
2.733333333333333171e-01	2.035839619173213794e-02
5.466666666666666341e-01	2.047337508141420723e-02
8.199999999999999512e-01	2.062398236481560732e-02
1.093333333333333268e+00	2.082020627794159071e-02
1.366666666666666696e+00	1.959805968082054331e-02
1.639999999999999902e+00	1.993274568688483198e-02
1.913333333333333108e+00	1.983464060303623960e-02
2.186666666666666536e+00	1.990451964632367066e-02
2.459999999999999964e+00	1.988064722941930082e-02
2.733333333333333393e+00	1.988800010196467224e-02
3.006666666666666377e+00	1.988948192939187301e-02
3.279999999999999805e+00	1.988937973270351461e-02
3.553333333333333233e+00	1.989128377479909213e-02
3.826666666666666217e+00	1.989822234792447755e-02
4.099999999999999645e+00	1.988311156008113270e-02
4.373333333333333073e+00	1.989541557998828619e-02
4.646666666666666501e+00	1.987782124896573036e-02
4.919999999999999929e+00	1.992974791418988811e-02
5.193333333333333357e+00	1.988362220753215823e-02
5.466666666666666785e+00	1.985847723029121950e-02
5.739999999999999325e+00	1.993654280799454087e-02
6.013333333333332753e+00	1.982872347017531137e-02
6.286666666666666181e+00	1.983365325478377711e-02
6.559999999999999609e+00	1.977784371933917831e-02
6.833333333333333037e+00	1.974741682462386599e-02
7.106666666666666465e+00	1.980118535219086220e-02
7.379999999999999893e+00	1.960543017733517787e-02
7.653333333333332433e+00	1.974504620142774475e-02
7.926666666666665861e+00	1.955778506345769163e-02
8.199999999999999289e+00	1.957410109109152321e-02
8.473333333333332718e+00	1.953634699912295061e-02
8.746666666666666146e+00	1.940175513467126342e-02
9.019999999999999574e+00	1.935457290913732489e-02
9.293333333333333002e+00	1.937507703740552756e-02
9.566666666666666430e+00	1.909509075913774778e-02
9.839999999999999858e+00	1.916739356046602560e-02
1.011333333333333329e+01	1.918061849607369945e-02
1.038666666666666671e+01	1.879629492992504133e-02
1.066000000000000014e+01	1.902272886926798662e-02
1.093333333333333357e+01	1.896467831428194986e-02
1.120666666666666522e+01	1.886840722253552843e-02
1.147999999999999865e+01	1.887818345647850060e-02
1.175333333333333208e+01	1.882734726319362784e-02
1.202666666666666551e+01	1.879659929452003747e-02
1.229999999999999893e+01	1.882216138419686574e-02
1.257333333333333236e+01	1.873084165797687245e-02
1.284666666666666579e+01	1.873358391705911771e-02
1.311999999999999922e+01	1.879529132051627541e-02
1.339333333333333265e+01	1.880183507727325662e-02
1.366666666666666607e+01	1.887771815580525925e-02
1.393999999999999950e+01	1.888010546804583245e-02
1.421333333333333293e+01	1.876763732039049559e-02
1.448666666666666636e+01	1.900799332704449646e-02
1.475999999999999979e+01	1.897429535225243422e-02
1.503333333333333321e+01	1.921347068437006742e-02
1.530666666666666487e+01	1.918785484180446366e-02
1.557999999999999829e+01	1.916552358535249939e-02
1.585333333333333172e+01	1.946462739994288260e-02
1.612666666666666515e+01	1.964446814429694071e-02
1.639999999999999858e+01	1.974406506645842024e-02
1.667333333333333201e+01	2.002434611127464070e-02
1.694666666666666544e+01	2.016693141644036041e-02
1.721999999999999886e+01	2.047704396290218193e-02
1.749333333333333229e+01	2.043001759536281284e-02
1.776666666666666572e+01	2.063564087088317830e-02
1.803999999999999915e+01	2.084013754395797752e-02
1.831333333333333258e+01	2.062464190019453261e-02
1.858666666666666600e+01	2.063540194217212270e-02
1.885999999999999943e+01	2.032652258892488420e-02
1.913333333333333286e+01	2.075249765587132422e-02
1.940666666666666629e+01	2.056008806234676731e-02
1.967999999999999972e+01	2.054858262932143798e-02
1.995333333333333314e+01	2.070284440588640584e-02
2.022666666666666657e+01	2.001024538643770417e-02
2.050000000000000000e+01	2.061593411889663455e-02
2.077333333333333343e+01	1.948322419683877482e-02
2.104666666666666686e+01	2.018509452457612971e-02
2.132000000000000028e+01	2.054788728220046518e-02
2.159333333333333371e+01	1.971897466780338226e-02
2.186666666666666714e+01	1.994140687967263167e-02
2.213999999999999702e+01	1.938259898519127319e-02
2.241333333333333044e+01	1.929091913432518304e-02
2.268666666666666387e+01	1.944586004234864079e-02
2.295999999999999730e+01	1.914972947851345531e-02
2.323333333333333073e+01	1.910882205552845090e-02
2.350666666666666416e+01	1.905652624129390918e-02
2.377999999999999758e+01	1.918023827313105473e-02
2.405333333333333101e+01	1.885596800633380574e-02
2.432666666666666444e+01	1.865783585309005455e-02
2.459999999999999787e+01	1.874544836530091935e-02
2.487333333333333130e+01	1.885613173894426162e-02
2.514666666666666472e+01	1.880705876932468879e-02
2.541999999999999815e+01	1.895107923199375669e-02
2.569333333333333158e+01	1.878950092058704474e-02
2.596666666666666501e+01	1.867781782090101317e-02
2.623999999999999844e+01	1.898939937429409627e-02
2.651333333333333186e+01	1.887451571330730354e-02
2.678666666666666529e+01	1.865828599381479103e-02
2.705999999999999872e+01	1.902907330269596603e-02
2.733333333333333215e+01	1.881841305129937358e-02
2.760666666666666558e+01	1.897851988976162821e-02
2.787999999999999901e+01	1.908932316711808852e-02
2.815333333333333243e+01	1.893536598422765338e-02
2.842666666666666586e+01	1.866751935733465192e-02
2.869999999999999929e+01	1.940987027161897305e-02
2.897333333333333272e+01	1.905826136490943595e-02
2.924666666666666615e+01	1.926498598478581722e-02
2.951999999999999957e+01	1.936476392879259850e-02
2.979333333333333300e+01	1.937144929452145475e-02
3.006666666666666643e+01	1.951767889524260585e-02
3.033999999999999986e+01	1.956504898907662771e-02
3.061333333333332973e+01	1.955707755061881700e-02
3.088666666666666316e+01	1.967980853764314184e-02
3.115999999999999659e+01	1.983524050001813158e-02
3.143333333333333002e+01	1.999506389330329981e-02
3.170666666666666345e+01	1.997544811179896226e-02
3.197999999999999687e+01	1.994473900030537331e-02
3.225333333333333030e+01	1.992522348817105451e-02
3.252666666666666373e+01	2.009769386553099391e-02
3.279999999999999716e+01	1.939244081409871936e-02
3.307333333333333059e+01	2.065405013189966499e-02
3.334666666666666401e+01	1.888982663963971118e-02
3.361999999999999744e+01	1.989890046167627422e-02
3.389333333333333087e+01	1.988839199451394174e-02
3.416666666666666430e+01	1.977894483947949603e-02
3.443999999999999773e+01	1.945069745154971025e-02
3.471333333333333115e+01	1.952555964941376718e-02
3.498666666666666458e+01	1.941288635526745854e-02
3.525999999999999801e+01	1.965145050526483084e-02
3.553333333333333144e+01	1.967390158828375563e-02
3.580666666666666487e+01	1.947376309170843756e-02
3.607999999999999829e+01	1.935256528211820592e-02
3.635333333333333172e+01	1.964582965176549234e-02
3.662666666666666515e+01	1.988983030000219740e-02
3.689999999999999858e+01	1.956815269243188798e-02
3.717333333333333201e+01	1.988551771105785335e-02
3.744666666666666544e+01	1.806076103353705317e-02
3.771999999999999886e+01	2.217895461887580549e-02
3.799333333333333229e+01	1.756957244427008805e-02
3.826666666666666572e+01	1.994076143538667245e-02
3.853999999999999915e+01	1.992031733964516604e-02
3.881333333333333258e+01	1.989279710924449912e-02
3.908666666666666600e+01	1.705561441311490706e-02
3.935999999999999943e+01	2.101288018981549779e-02
3.963333333333333286e+01	1.390445596809327874e-02
3.990666666666666629e+01	2.445664959573286626e-02
4.017999999999999972e+01	1.537086585400056042e-02
4.045333333333333314e+01	1.912177435964957165e-02
4.072666666666666657e+01	2.248243356026518452e-02
4.100000000000000000e+01	2.067293558184655350e-02
