# distance(km) melting(ice-m/yr)
0.000000000000000000	0.000217895222867693
0.273333333333333317	0.000473210429606700
0.546666666666666634	0.000580204700496371
0.819999999999999951	0.000711186567457943
1.093333333333333268	0.000871359598811943
1.366666666666666696	0.000959199990080746
1.639999999999999902	0.000761789197739589
1.913333333333333108	0.000708934206620584
2.186666666666666536	0.000732280033370261
2.459999999999999964	0.000735067184415480
2.733333333333333393	0.000733339399375726
3.006666666666666377	0.000734627433054087
3.279999999999999805	0.000736246230174078
3.553333333333333233	0.000737722620613076
3.826666666666666217	0.000738163252009165
4.099999999999999645	0.000740072740462531
4.373333333333333073	0.000733092779507435
4.646666666666666501	0.000737753127919914
4.919999999999999929	0.000739153002318520
5.193333333333333357	0.000738276529752526
5.466666666666666785	0.000729668680879726
5.739999999999999325	0.000733968990121755
6.013333333333332753	0.000712736630846880
6.286666666666666181	0.000678192692211623
6.559999999999999609	0.000758991585306985
6.833333333333333037	0.000673699767011540
7.106666666666666465	0.000381186976192618
7.379999999999999893	0.000634207213358895
7.653333333333332433	0.000775105427082168
7.926666666666665861	0.000720526446154400
8.199999999999999289	0.000352709919690775
8.473333333333332718	0.000064866701738501
8.746666666666666146	0.000375117551454625
9.019999999999999574	0.000499096511668849
9.293333333333333002	0.000345729525023591
9.566666666666666430	0.000792446132166149
9.839999999999999858	0.000601531978398776
10.113333333333333286	0.000470150911663869
10.386666666666666714	0.000390105569777358
10.660000000000000142	0.000144748588677379
10.933333333333333570	0.000000000000000000
11.206666666666665222	0.000000000000000000
11.479999999999998650	0.000106505710021423
11.753333333333332078	0.000000000000000000
12.026666666666665506	0.000000455580500415
12.299999999999998934	0.000000513453441099
12.573333333333332362	0.000000000000000000
12.846666666666665790	0.000000000000000000
13.119999999999999218	0.000000000000000000
13.393333333333332646	0.000000000000000000
13.666666666666666075	0.000000000000000000
13.939999999999999503	0.000000000000000000
14.213333333333332931	0.000000000000000000
14.486666666666666359	0.000402199379575253
14.759999999999999787	0.000000000000000000
15.033333333333333215	0.000575109428537419
15.306666666666664867	0.000060243786241983
15.579999999999998295	0.000358103706105192
15.853333333333331723	0.000615065968323849
16.126666666666665151	0.000684973444127220
16.399999999999998579	0.000680740442655296
16.673333333333332007	0.000694069229895218
16.946666666666665435	0.001328307220434612
17.219999999999998863	0.001198185129622685
17.493333333333332291	0.001167448050084591
17.766666666666665719	0.000494817656685131
18.039999999999999147	0.000353718642026560
18.313333333333332575	0.000621525405382702
18.586666666666666003	0.000580457590167940
18.859999999999999432	0.001181367529170015
19.133333333333332860	0.001380901943743234
19.406666666666666288	0.001206653596187746
19.679999999999999716	0.001318381474210990
19.953333333333333144	0.001385871653111356
20.226666666666666572	0.000898046388891764
20.500000000000000000	0.000321611292454270
20.773333333333333428	0.001237394581646896
21.046666666666666856	0.002447155734196245
21.320000000000000284	0.001121283129792023
21.593333333333333712	0.000943600432219223
21.866666666666667140	0.000369061471831936
22.139999999999997016	0.001075065599886832
22.413333333333330444	0.001059587177284605
22.686666666666663872	0.000755573553773615
22.959999999999997300	0.001178545290694520
23.233333333333330728	0.001231353918881457
23.506666666666664156	0.000801709097081003
23.779999999999997584	0.000535019386222336
24.053333333333331012	0.000548515350390283
24.326666666666664440	0.000363883317208397
24.599999999999997868	0.000379942005148306
24.873333333333331296	0.000000000000000000
25.146666666666664725	0.000528487460725890
25.419999999999998153	0.000000128443548992
25.693333333333331581	0.000000000000000000
25.966666666666665009	0.000499795118346100
26.239999999999998437	0.000000825259139823
26.513333333333331865	0.000070567920638609
26.786666666666665293	0.000320582847031058
27.059999999999998721	0.000000000000000000
27.333333333333332149	0.000000000000000000
27.606666666666665577	0.000000000000000000
27.879999999999999005	0.000000000000000000
28.153333333333332433	0.000000000000000000
28.426666666666665861	0.000070471834042602
28.699999999999999289	0.000556500596148253
28.973333333333332718	0.000931327273386073
29.246666666666666146	0.001094198856275732
29.519999999999999574	0.000925725171648267
29.793333333333333002	0.001083800655389945
30.066666666666666430	0.000822792041491472
30.339999999999999858	0.001318276491226941
30.613333333333329733	0.001981675922020562
30.886666666666663161	0.001169037293309534
31.159999999999996589	0.001115436112862319
31.433333333333330017	0.000873644305578893
31.706666666666663446	0.000474926279247180
31.979999999999996874	0.000000000000000000
32.253333333333330302	0.000613097377183144
32.526666666666663730	0.000000000000000000
32.799999999999997158	0.000000000000000000
33.073333333333330586	0.000000000000000000
33.346666666666664014	0.000000411255320439
33.619999999999997442	0.000003541538938468
33.893333333333330870	0.000000000000000000
34.166666666666664298	0.000000000000000000
34.439999999999997726	0.000000000000000000
34.713333333333331154	0.000000000000000000
34.986666666666664582	0.000000000000000000
35.259999999999998010	0.000000000000000000
35.533333333333331439	0.000000000000000000
35.806666666666664867	0.000000000000000000
36.079999999999998295	0.000000000000000000
36.353333333333331723	0.000000000000000000
36.626666666666665151	0.000000000000000000
36.899999999999998579	0.000000000000000000
37.173333333333332007	0.000000000000000000
37.446666666666665435	0.000000000000000000
37.719999999999998863	0.000000000000000000
37.993333333333332291	0.000000000000000000
38.266666666666665719	0.000000000000000000
38.539999999999999147	0.000000000000000000
38.813333333333332575	0.000000000000000000
39.086666666666666003	0.000000000000000000
39.359999999999999432	0.000000000000000000
39.633333333333332860	0.000000000000000000
39.906666666666666288	0.000000000000000000
40.179999999999999716	0.000000000000000000
40.453333333333333144	0.000000000000000000
40.726666666666666572	0.000000000000000000
41.000000000000000000	0.000000000000000000