#x_inv(km)	p_opt
0.000000000000000000e+00	2.999999999999983125e+00
2.733333333333333171e-01	3.000000000000010658e+00
5.466666666666666341e-01	3.000000000000017764e+00
8.199999999999999512e-01	2.999999999999968914e+00
1.093333333333333268e+00	3.000000000000029310e+00
1.366666666666666696e+00	3.209989256920615652e+00
1.639999999999999902e+00	3.095039779945180314e+00
1.913333333333333108e+00	3.110061239856498183e+00
2.186666666666666536e+00	3.117349306235132289e+00
2.459999999999999964e+00	3.111491462889625303e+00
2.733333333333333393e+00	3.108355280478082072e+00
3.006666666666666377e+00	3.105971031782379654e+00
3.279999999999999805e+00	3.102984303107088948e+00
3.553333333333333233e+00	3.099781650173857095e+00
3.826666666666666217e+00	3.095737166942156726e+00
4.099999999999999645e+00	3.093252501606198024e+00
4.373333333333333073e+00	3.092132824082872489e+00
4.646666666666666501e+00	3.093600681887113346e+00
4.919999999999999929e+00	3.089689989233434630e+00
5.193333333333333357e+00	3.084101132560914671e+00
5.466666666666666785e+00	3.090335118825525029e+00
5.739999999999999325e+00	3.091818299830456418e+00
6.013333333333332753e+00	3.093818613877185264e+00
6.286666666666666181e+00	3.131951254784484107e+00
6.559999999999999609e+00	3.187795551378253656e+00
6.833333333333333037e+00	3.466404447470637251e+00
7.106666666666666465e+00	3.409259900559017176e+00
7.379999999999999893e+00	3.545127535338187919e+00
7.653333333333332433e+00	3.727985627706740246e+00
7.926666666666665861e+00	3.654836686145190860e+00
8.199999999999999289e+00	3.733082805235937052e+00
8.473333333333332718e+00	3.429303236022652079e+00
8.746666666666666146e+00	3.426748928204106370e+00
9.019999999999999574e+00	3.533695116053126917e+00
9.293333333333333002e+00	3.581456703492663429e+00
9.566666666666666430e+00	3.576640539790959750e+00
9.839999999999999858e+00	3.978138514514738766e+00
1.011333333333333329e+01	3.818501181230513630e+00
1.038666666666666671e+01	4.137175266912413107e+00
1.066000000000000014e+01	4.133052756524524085e+00
1.093333333333333357e+01	4.516728286212583932e+00
1.120666666666666522e+01	4.929422020771673019e+00
1.147999999999999865e+01	5.624739255774319879e+00
1.175333333333333208e+01	6.165137067191118092e+00
1.202666666666666551e+01	7.283368543422866992e+00
1.229999999999999893e+01	8.119791181685524606e+00
1.257333333333333236e+01	8.325207077512541076e+00
1.284666666666666579e+01	9.322063659015023873e+00
1.311999999999999922e+01	1.050621813660121973e+01
1.339333333333333265e+01	1.129156886794765313e+01
1.366666666666666607e+01	1.431674595977404252e+01
1.393999999999999950e+01	1.726184165876485821e+01
1.421333333333333293e+01	1.450160432932469590e+01
1.448666666666666636e+01	1.006995233314884253e+01
1.475999999999999979e+01	9.983643344801926389e+00
1.503333333333333321e+01	1.471553299428164507e+01
1.530666666666666487e+01	1.772247816700790324e+01
1.557999999999999829e+01	1.658475191843705332e+01
1.585333333333333172e+01	1.583471095498122594e+01
1.612666666666666515e+01	1.435906085799773635e+01
1.639999999999999858e+01	1.323370100181199405e+01
1.667333333333333201e+01	1.118643287932672514e+01
1.694666666666666544e+01	8.575257050555590510e+00
1.721999999999999886e+01	7.677049952286335355e+00
1.749333333333333229e+01	6.382978113333716230e+00
1.776666666666666572e+01	5.374928091868691027e+00
1.803999999999999915e+01	4.450974131475290640e+00
1.831333333333333258e+01	4.352386555470651786e+00
1.858666666666666600e+01	4.174119547601748081e+00
1.885999999999999943e+01	4.560274410232886488e+00
1.913333333333333286e+01	5.163397102977998365e+00
1.940666666666666629e+01	4.899474034725694871e+00
1.967999999999999972e+01	4.707525661642868009e+00
1.995333333333333314e+01	4.273939475554582756e+00
2.022666666666666657e+01	3.799370965615702644e+00
2.050000000000000000e+01	3.140028872457308218e+00
2.077333333333333343e+01	2.976842703742748064e+00
2.104666666666666686e+01	4.249207505357358805e+00
2.132000000000000028e+01	4.087506672669533714e+00
2.159333333333333371e+01	3.978929598177793459e+00
2.186666666666666714e+01	3.536283083253101367e+00
2.213999999999999702e+01	3.124528089571676936e+00
2.241333333333333044e+01	3.463312871327818954e+00
2.268666666666666387e+01	3.949359911633693265e+00
2.295999999999999730e+01	4.593576451972710473e+00
2.323333333333333073e+01	5.330672793061626891e+00
2.350666666666666416e+01	6.022801518200656901e+00
2.377999999999999758e+01	6.518688284871180016e+00
2.405333333333333101e+01	6.653775937182433431e+00
2.432666666666666444e+01	6.629135153856472229e+00
2.459999999999999787e+01	6.057936508936510478e+00
2.487333333333333130e+01	6.375204774429986010e+00
2.514666666666666472e+01	7.858513634625428068e+00
2.541999999999999815e+01	9.624323218790529211e+00
2.569333333333333158e+01	1.137759270930711963e+01
2.596666666666666501e+01	1.175093807113175615e+01
2.623999999999999844e+01	1.288932810645527383e+01
2.651333333333333186e+01	1.487252524276140875e+01
2.678666666666666529e+01	1.492954245595709040e+01
2.705999999999999872e+01	1.563263503854908620e+01
2.733333333333333215e+01	1.618732606504921634e+01
2.760666666666666558e+01	2.175186736835587098e+01
2.787999999999999901e+01	2.950554126520735210e+01
2.815333333333333243e+01	3.508953890634536776e+01
2.842666666666666586e+01	2.874999000553820139e+01
2.869999999999999929e+01	2.122569626414570720e+01
2.897333333333333272e+01	1.828433299041779136e+01
2.924666666666666615e+01	2.045620076375654506e+01
2.951999999999999957e+01	2.096392609043038036e+01
2.979333333333333300e+01	1.811859359291798910e+01
3.006666666666666643e+01	1.518275510265740991e+01
3.033999999999999986e+01	1.156737567085634844e+01
3.061333333333332973e+01	8.763805444290655444e+00
3.088666666666666316e+01	7.287229985534578347e+00
3.115999999999999659e+01	6.576159096362320433e+00
3.143333333333333002e+01	6.020099474003232309e+00
3.170666666666666345e+01	5.551057246475945561e+00
3.197999999999999687e+01	5.832781731594871566e+00
3.225333333333333030e+01	6.877591063361242263e+00
3.252666666666666373e+01	7.982585308122843060e+00
3.279999999999999716e+01	8.560619457785879405e+00
3.307333333333333059e+01	8.215636595687643151e+00
3.334666666666666401e+01	9.136076584257491362e+00
3.361999999999999744e+01	9.744883367273695640e+00
3.389333333333333087e+01	9.427223504874545412e+00
3.416666666666666430e+01	9.721609174827325006e+00
3.443999999999999773e+01	9.244903958493368989e+00
3.471333333333333115e+01	8.878613425783862922e+00
3.498666666666666458e+01	9.552155875265892604e+00
3.525999999999999801e+01	1.080466461187138272e+01
3.553333333333333144e+01	1.127488054558924091e+01
3.580666666666666487e+01	1.115115078387722924e+01
3.607999999999999829e+01	1.167708014909723424e+01
3.635333333333333172e+01	1.140856351834460192e+01
3.662666666666666515e+01	1.109674265201508980e+01
3.689999999999999858e+01	1.097969542301186330e+01
3.717333333333333201e+01	1.132448378191405070e+01
3.744666666666666544e+01	1.166997645367764491e+01
3.771999999999999886e+01	1.152850692650203790e+01
3.799333333333333229e+01	1.074883786867454560e+01
3.826666666666666572e+01	1.123325374609873073e+01
3.853999999999999915e+01	1.046783991744845110e+01
3.881333333333333258e+01	1.009735926710354015e+01
3.908666666666666600e+01	1.045666999285866616e+01
3.935999999999999943e+01	1.082949700964466722e+01
3.963333333333333286e+01	1.092800589364769515e+01
3.990666666666666629e+01	1.059281066400227722e+01
4.017999999999999972e+01	8.648222482819965862e+00
4.045333333333333314e+01	9.737265106604558795e+00
4.072666666666666657e+01	8.730696477282037904e+00
4.100000000000000000e+01	7.802909932451740360e+00
