#distance(km)	depth (m)
0	3235.41
6.3	3235.41
6.4	3231.24
6.5	3225.96
6.6	3224.75
6.7	3220.11
6.8	3194.43
6.9	3184.3
7.1	3193.15
7.2	3191.52
7.3	3182.05
7.4	3176.06
7.5	3157.69
7.6	3151.01
7.7	3148.32
7.8	3151.45
7.9	3136.6
8	3133.66
8.1	3130.28
8.2	3126.51
8.3	3135.09
8.4	3158.85
8.5	3168.07
8.6	3175.9
8.7	3178.16
8.8	3172.92
8.9	3168.55
9	3166.16
9.1	3165.01
9.2	3168.12
9.3	3165.34
9.4	3164.55
9.5	3163.17
9.6	3164.9
9.7	3146.58
9.8	3134.25
9.9	3138.3
10	3155.75
10.1	3159.67
10.2	3162.12
10.4	3162.59
10.5	3168.02
10.6	3185.36
10.7	3202.72
10.8	3208.1
10.9	3208.78
11	3209.72
11.1	3207.53
11.2	3202.75
11.3	3191.98
11.4	3180.22
11.5	3181.6
11.6	3185.86
11.7	3180.81
11.8	3167.99
11.9	3150.17
12	3140.44
12.1	3132
12.2	3126.04
12.3	3124.92
12.4	3131.04
12.5	3143.71
12.6	3158.73
12.7	3161.45
12.8	3161.09
12.9	3165.36
13	3174.71
13.1	3175.95
13.2	3177.46
13.3	3179.47
13.4	3181.26
13.5	3182.7
13.6	3178.61
13.7	3163.89
13.8	3153.19
13.9	3149.67
14	3149.47
14.1	3148.99
14.2	3149.87
14.3	3156.69
14.4	3166.93
14.5	3177.82
14.6	3191.66
14.7	3206.32
14.8	3203.19
14.9	3166.82
15	3106.3
15.1	3072.64
15.2	3062.03
15.3	3057.26
15.4	3056.73
15.5	3060.19
15.6	3066.95
15.7	3075.11
15.8	3072.28
15.9	3067.37
16	3069.42
16.1	3075.83
16.2	3077.74
16.3	3078.96
16.4	3083.16
16.5	3103.56
16.6	3104.61
16.7	3107.59
16.8	3119.33
16.9	3143.16
17	3143.84
17.1	3143.73
17.2	3143.17
17.3	3147.94
17.4	3158.22
17.5	3170.49
17.6	3174.7
17.7	3187.96
17.8	3229.11
17.9	3260.96
18	3265.53
18.1	3270.61
18.2	3260.07
18.3	3251.1
18.4	3243.23
18.5	3235.98
18.6	3229.72
18.7	3207.12
18.8	3178.57
18.9	3157.48
19	3122.42
19.1	3086.35
19.2	3074.52
19.3	3062.99
19.4	3056.02
19.5	3049.05
19.6	3042.78
19.7	3037.28
19.8	3035.66
19.9	3038.07
20.1	3049.73
20.2	3060.45
20.3	3083.78
20.4	3125.79
20.5	3145.5
20.6	3183.7
20.7	3174.42
20.8	3160.95
20.9	3069.24
21	3032.45
21.1	3017.77
21.2	3008.31
21.3	3002.86
21.4	3002.62
21.5	3006.7
21.6	3015.73
21.7	3031.86
21.8	3057.13
21.9	3081.67
22	3110.67
22.1	3135.6
22.2	3136.65
22.3	3137.74
22.4	3120.32
22.5	3106.76
22.6	3096.95
22.7	3079.22
22.8	3063.29
22.9	3050.76
23	3035.9
23.1	3016.92
23.2	3003.26
23.3	2989.91
23.4	2976.36
23.5	2974.4
23.6	2977.16
23.7	2976.92
23.8	2974.48
23.9	2976.68
24	2986.45
24.1	3000.11
24.2	3014.02
24.3	3027.52
24.4	3041.84
24.5	3069.92
24.6	3098.92
24.7	3119.03
24.8	3127.23
24.9	3130.01
25	3116.39
25.1	3099.39
25.2	3086.44
25.3	3072.8
25.4	3055.46
25.5	3043.6
25.6	3041.21
25.7	3043.47
25.9	3043.87
26	3043.24
26.1	3041.89
26.2	3036.22
26.3	3027.91
26.4	3019.89
26.5	3014
26.6	3014.48
26.7	3018.15
26.8	3022.41
26.9	3018.63
27	3021.49
27.1	3022.5
27.2	3021.6
27.3	3021
27.4	3019.06
27.5	3010.63
27.6	2994.22
27.7	2978.88
27.8	2963.76
27.9	2940.93
28	2933.44
28.1	2929.71
28.2	2930.49
28.3	2932.84
28.4	2937.67
28.5	2944.49
28.6	2954.25
28.7	2965.94
28.8	2973.57
28.9	2968.9
29	2954.85
29.1	2940.16
29.2	2927.11
29.3	2915
29.4	2903.04
29.5	2896.71
29.6	2895.38
29.7	2894.81
29.9	2897.52
30.1	2916.22
30.2	2930.86
30.3	2947.89
30.4	2965.03
30.5	2982.91
30.6	3000.82
30.7	3018.23
30.8	3035.65
30.9	3052.75
31	3067.1
31.1	3079.28
31.2	3091
31.3	3103.16
31.4	3115.68
31.5	3129.43
31.6	3137.79
31.7	3146.95
31.8	3160.44
31.9	3163.27
32	3157.24
32.1	3121.24
32.2	3085.35
32.3	3049.76
32.4	3042.81
32.5	3036.73
32.6	3040.2
32.7	3037.32
32.8	3021.37
32.9	3003.42
33	2994.25
33.1	2986.27
33.2	2977.27
33.3	2940.43
33.4	2916.83
33.5	2909.23
33.6	2903.33
33.7	2898.1
33.8	2903.34
33.9	2908.63
34	2920.75
34.1	2933.13
34.2	2943.76
34.3	2952.48
34.4	2961.66
34.5	2972.93
34.6	2979.19
34.7	2980.47
34.8	2981.8
34.9	2985.03
35	2988.71
35.1	2991.95
35.2	2984.85
35.3	2979.01
35.4	2978.09
35.5	2980.97
35.6	2970.59
35.7	2961.14
35.8	2956.44
35.9	2953.57
36	2951.46
36.1	2952.92
36.2	2958.15
36.3	2972.9
36.4	2973.71
36.5	2978.25
36.6	2990.41
36.7	2991.3
36.8	2983.54
36.9	2976.67
37	2974.59
37.1	2961.17
37.2	2932.18
37.3	2903.19
37.4	2886.02
37.5	2876.92
37.6	2872.67
37.7	2871.26
37.8	2870.39
37.9	2863.42
38	2850.59
38.1	2838.38
38.2	2830.64
38.3	2828.33
38.4	2829.92
38.5	2834.74
38.6	2835.48
38.7	2836.76
38.8	2830.62
38.9	2805.11
39	2791.06
39.1	2772.38
39.2	2754.8
39.3	2740.67
39.4	2736.06
39.5	2732.22
39.6	2726.37
39.7	2728.54
39.8	2738.51
39.9	2740.38
40	2743.7
40.1	2748.98
40.2	2749.63
40.3	2749.82
40.4	2742.37
40.5	2741.67
40.6	2754.58
40.7	2758.91
40.8	2757.41
40.9	2763.65
41	2793.9
41.1	2798.43
41.2	2770.14
41.3	2741.85