# x(m),Hobs, Hinverted, stagnant (m), melt rate
0.000000000000000000e+00	3.235409999999999854e+03	3.235409999999999854e+03	0.000000000000000000e+00	2.178952228676931725e-04
2.733333333333333171e-01	3.235409999999999854e+03	3.235409999999999854e+03	0.000000000000000000e+00	4.732104296067000449e-04
5.466666666666666341e-01	3.235409999999999854e+03	3.235409999999999854e+03	0.000000000000000000e+00	5.802047004963707243e-04
8.199999999999999512e-01	3.235409999999999854e+03	3.235409999999999854e+03	0.000000000000000000e+00	7.111865674579426590e-04
1.093333333333333268e+00	3.235409999999999854e+03	3.235409999999999854e+03	0.000000000000000000e+00	8.713595988119427838e-04
1.366666666666666696e+00	3.235409999999999854e+03	3.235409999999999854e+03	0.000000000000000000e+00	9.591999900807457848e-04
1.639999999999999902e+00	3.235409999999999854e+03	3.235409999999999854e+03	0.000000000000000000e+00	7.617891977395886130e-04
1.913333333333333108e+00	3.235409999999999854e+03	3.235409999999999854e+03	0.000000000000000000e+00	7.089342066205842887e-04
2.186666666666666536e+00	3.235409999999999854e+03	3.235409999999999854e+03	0.000000000000000000e+00	7.322800333702607399e-04
2.459999999999999964e+00	3.235409999999999854e+03	3.235409999999999854e+03	0.000000000000000000e+00	7.350671844154801210e-04
2.733333333333333393e+00	3.235409999999999854e+03	3.235409999999999854e+03	0.000000000000000000e+00	7.333393993757259107e-04
3.006666666666666377e+00	3.235409999999999854e+03	3.235409999999999854e+03	0.000000000000000000e+00	7.346274330540870142e-04
3.279999999999999805e+00	3.235409999999999854e+03	3.235409999999999854e+03	0.000000000000000000e+00	7.362462301740783357e-04
3.553333333333333233e+00	3.235409999999999854e+03	3.235409999999999854e+03	0.000000000000000000e+00	7.377226206130756960e-04
3.826666666666666217e+00	3.235409999999999854e+03	3.235409999999999854e+03	0.000000000000000000e+00	7.381632520091647434e-04
4.099999999999999645e+00	3.235409999999999854e+03	3.235409999999999854e+03	0.000000000000000000e+00	7.400727404625306307e-04
4.373333333333333073e+00	3.235409999999999854e+03	3.235409999999999854e+03	0.000000000000000000e+00	7.330927795074348042e-04
4.646666666666666501e+00	3.235409999999999854e+03	3.235409999999999854e+03	0.000000000000000000e+00	7.377531279199136573e-04
4.919999999999999929e+00	3.235409999999999854e+03	3.235409999999999854e+03	0.000000000000000000e+00	7.391530023185203645e-04
5.193333333333333357e+00	3.235409999999999854e+03	3.235409999999999854e+03	0.000000000000000000e+00	7.382765297525263008e-04
5.466666666666666785e+00	3.235409999999999854e+03	3.235409999999999854e+03	0.000000000000000000e+00	7.296686808797260212e-04
5.739999999999999325e+00	3.235409999999999854e+03	3.235409999999999854e+03	0.000000000000000000e+00	7.339689901217554078e-04
6.013333333333332753e+00	3.235409999999999854e+03	3.235409999999999854e+03	0.000000000000000000e+00	7.127366308468799979e-04
6.286666666666666181e+00	3.235409999999999854e+03	3.235409999999999854e+03	0.000000000000000000e+00	6.781926922116231866e-04
6.559999999999999609e+00	3.225233999999999924e+03	3.225233999999999924e+03	0.000000000000000000e+00	7.589915853069849382e-04
6.833333333333333037e+00	3.191053333333333285e+03	3.191053333333333285e+03	0.000000000000000000e+00	6.736997670115399362e-04
7.106666666666666465e+00	3.193041333333333569e+03	3.193041333333333569e+03	0.000000000000000000e+00	3.811869761926175103e-04
7.379999999999999893e+00	3.177257999999999811e+03	3.177257999999999811e+03	0.000000000000000000e+00	6.342072133588953515e-04
7.653333333333332433e+00	3.149575333333333674e+03	3.149575333333333674e+03	0.000000000000000000e+00	7.751054270821680246e-04
7.926666666666665861e+00	3.135815999999999804e+03	3.135815999999999804e+03	0.000000000000000000e+00	7.205264461543995367e-04
8.199999999999999289e+00	3.126510000000000218e+03	3.126510000000000218e+03	0.000000000000000000e+00	3.527099196907754544e-04
8.473333333333332718e+00	3.165611333333333278e+03	3.165611333333333278e+03	0.000000000000000000e+00	6.486670173850133119e-05
8.746666666666666146e+00	3.175714666666666744e+03	3.175714666666666744e+03	0.000000000000000000e+00	3.751175514546252433e-04
9.019999999999999574e+00	3.165929999999999836e+03	3.165929999999999836e+03	0.000000000000000000e+00	4.990965116688489802e-04
9.293333333333333002e+00	3.165525333333333492e+03	3.165525333333333492e+03	0.000000000000000000e+00	3.457295250235906526e-04
9.566666666666666430e+00	3.164323333333333267e+03	3.164323333333333267e+03	0.000000000000000000e+00	7.924461321661488292e-04
9.839999999999999858e+00	3.135869999999999891e+03	3.135869999999999891e+03	0.000000000000000000e+00	6.015319783987761520e-04
1.011333333333333329e+01	3.159996666666666897e+03	3.159996666666666897e+03	0.000000000000000000e+00	4.701509116638689792e-04
1.038666666666666671e+01	3.162558666666666795e+03	3.162558666666666795e+03	0.000000000000000000e+00	3.901055697773582898e-04
1.066000000000000014e+01	3.195775999999999840e+03	3.195775999999999840e+03	0.000000000000000000e+00	1.447485886773792400e-04
1.093333333333333357e+01	3.209093333333333248e+03	3.202139539976858032e+03	6.953793356475216569e+00	0.000000000000000000e+00
1.120666666666666522e+01	3.202032000000000153e+03	3.201562570247006079e+03	4.694297529940740787e-01	0.000000000000000000e+00
1.147999999999999865e+01	3.181324000000000069e+03	3.181324000000000069e+03	0.000000000000000000e+00	1.065057100214226489e-04
1.175333333333333208e+01	3.173972666666666555e+03	3.167997015271935652e+03	5.975651394730903121e+00	0.000000000000000000e+00
1.202666666666666551e+01	3.138189333333333252e+03	3.138189333333333252e+03	0.000000000000000000e+00	4.555805004151556970e-07
1.229999999999999893e+01	3.124920000000000073e+03	3.124920000000000073e+03	0.000000000000000000e+00	5.134534410991628058e-07
1.257333333333333236e+01	3.154724666666666508e+03	3.129919658323811291e+03	2.480500834285521705e+01	0.000000000000000000e+00
1.284666666666666579e+01	3.163082666666666682e+03	3.118146939608097910e+03	4.493572705856877292e+01	0.000000000000000000e+00
1.311999999999999922e+01	3.176251999999999953e+03	3.108099281614621304e+03	6.815271838537864824e+01	0.000000000000000000e+00
1.339333333333333265e+01	3.181140666666666675e+03	3.105773046853194501e+03	7.536761981347217443e+01	0.000000000000000000e+00
1.366666666666666607e+01	3.168796666666666624e+03	3.073637978871096493e+03	9.515868779557013113e+01	0.000000000000000000e+00
1.393999999999999950e+01	3.149590000000000146e+03	3.052580043417066008e+03	9.700995658293413726e+01	0.000000000000000000e+00
1.421333333333333293e+01	3.150779333333333398e+03	3.091347884248367791e+03	5.943144908496560674e+01	0.000000000000000000e+00
1.448666666666666636e+01	3.176367999999999938e+03	3.176367999999999938e+03	0.000000000000000000e+00	4.021993795752532843e-04
1.475999999999999979e+01	3.204442000000000007e+03	3.184557793227269030e+03	1.988420677273097681e+01	0.000000000000000000e+00
1.503333333333333321e+01	3.095079999999999927e+03	3.095079999999999927e+03	0.000000000000000000e+00	5.751094285374194976e-04
1.530666666666666487e+01	3.057224666666666963e+03	3.057224666666666963e+03	0.000000000000000000e+00	6.024378624198301085e-05
1.557999999999999829e+01	3.065597999999999956e+03	3.065597999999999956e+03	0.000000000000000000e+00	3.581037061051917016e-04
1.585333333333333172e+01	3.069661333333333459e+03	3.069661333333333459e+03	0.000000000000000000e+00	6.150659683238493070e-04
1.612666666666666515e+01	3.076339333333333343e+03	3.076339333333333343e+03	0.000000000000000000e+00	6.849734441272204225e-04
1.639999999999999858e+01	3.083159999999999854e+03	3.083159999999999854e+03	0.000000000000000000e+00	6.807404426552961978e-04
1.667333333333333201e+01	3.106795333333333474e+03	3.106795333333333474e+03	0.000000000000000000e+00	6.940692298952175123e-04
1.694666666666666544e+01	3.143477333333333263e+03	3.143477333333333263e+03	0.000000000000000000e+00	1.328307220434611679e-03
1.721999999999999886e+01	3.144124000000000251e+03	3.144124000000000251e+03	0.000000000000000000e+00	1.198185129622685464e-03
1.749333333333333229e+01	3.169671999999999571e+03	3.169671999999999571e+03	0.000000000000000000e+00	1.167448050084590738e-03
1.776666666666666572e+01	3.215393333333332976e+03	3.215393333333332976e+03	0.000000000000000000e+00	4.948176566851306872e-04
1.803999999999999915e+01	3.267561999999999898e+03	3.267561999999999898e+03	0.000000000000000000e+00	3.537186420265597819e-04
1.831333333333333258e+01	3.250050666666666530e+03	3.250050666666666530e+03	0.000000000000000000e+00	6.215254053827021750e-04
1.858666666666666600e+01	3.230554666666666435e+03	3.230554666666666435e+03	0.000000000000000000e+00	5.804575901679398433e-04
1.885999999999999943e+01	3.165916000000000167e+03	3.165916000000000167e+03	0.000000000000000000e+00	1.181367529170014889e-03
1.913333333333333286e+01	3.082406666666666752e+03	3.082406666666666752e+03	0.000000000000000000e+00	1.380901943743234302e-03
1.940666666666666629e+01	3.055555333333333238e+03	3.055555333333333238e+03	0.000000000000000000e+00	1.206653596187745895e-03
1.967999999999999972e+01	3.038380000000000109e+03	3.038380000000000109e+03	0.000000000000000000e+00	1.318381474210989683e-03
1.995333333333333314e+01	3.041179333333333489e+03	3.041179333333333489e+03	0.000000000000000000e+00	1.385871653111355904e-03
2.022666666666666657e+01	3.066671333333333223e+03	3.066671333333333223e+03	0.000000000000000000e+00	8.980463888917639527e-04
2.050000000000000000e+01	3.145500000000000000e+03	3.145500000000000000e+03	0.000000000000000000e+00	3.216112924542701866e-04
2.077333333333333343e+01	3.164541999999999916e+03	3.164541999999999916e+03	0.000000000000000000e+00	1.237394581646895746e-03
2.104666666666666686e+01	3.025599333333333107e+03	3.025599333333333107e+03	0.000000000000000000e+00	2.447155734196245370e-03
2.132000000000000028e+01	3.002811999999999898e+03	3.002811999999999898e+03	0.000000000000000000e+00	1.121283129792023095e-03
2.159333333333333371e+01	3.015127999999999702e+03	3.015127999999999702e+03	0.000000000000000000e+00	9.436004322192231451e-04
2.186666666666666714e+01	3.073490000000000236e+03	3.073490000000000236e+03	0.000000000000000000e+00	3.690614718319355108e-04
2.213999999999999702e+01	3.136019999999999982e+03	3.136019999999999982e+03	0.000000000000000000e+00	1.075065599886831664e-03
2.241333333333333044e+01	3.118512000000000171e+03	3.118512000000000171e+03	0.000000000000000000e+00	1.059587177284605037e-03
2.268666666666666387e+01	3.081584000000000287e+03	3.081584000000000287e+03	0.000000000000000000e+00	7.555735537736149067e-04
2.295999999999999730e+01	3.041844000000000506e+03	3.041844000000000506e+03	0.000000000000000000e+00	1.178545290694519698e-03
2.323333333333333073e+01	2.998810000000000400e+03	2.998810000000000400e+03	0.000000000000000000e+00	1.231353918881457170e-03
2.350666666666666416e+01	2.974583999999999833e+03	2.974583999999999833e+03	0.000000000000000000e+00	8.017090970810026923e-04
2.377999999999999758e+01	2.974968000000000302e+03	2.974968000000000302e+03	0.000000000000000000e+00	5.350193862223357648e-04
2.405333333333333101e+01	2.993735333333333074e+03	2.993735333333333074e+03	0.000000000000000000e+00	5.485153503902832645e-04
2.432666666666666444e+01	3.031338666666666541e+03	3.031338666666666541e+03	0.000000000000000000e+00	3.638833172083967148e-04
2.459999999999999787e+01	3.098919999999999163e+03	3.098919999999999163e+03	0.000000000000000000e+00	3.799420051483059645e-04
2.487333333333333130e+01	3.129268666666666832e+03	3.125285793864337847e+03	3.982872802328984108e+00	0.000000000000000000e+00
2.514666666666666472e+01	3.093346666666666806e+03	3.093346666666666806e+03	0.000000000000000000e+00	5.284874607258897416e-04
2.541999999999999815e+01	3.053088000000000193e+03	3.053088000000000193e+03	0.000000000000000000e+00	1.284435489919901260e-07
2.569333333333333158e+01	3.043319333333332906e+03	3.036169693418578390e+03	7.149639914754516212e+00	0.000000000000000000e+00
2.596666666666666501e+01	3.043449999999999818e+03	3.043449999999999818e+03	0.000000000000000000e+00	4.997951183461003160e-04
2.623999999999999844e+01	3.032895999999999731e+03	3.032895999999999731e+03	0.000000000000000000e+00	8.252591398232453698e-07
2.651333333333333186e+01	3.014063999999999851e+03	3.014063999999999851e+03	0.000000000000000000e+00	7.056792063860856481e-05
2.678666666666666529e+01	3.021841999999999643e+03	3.021841999999999643e+03	0.000000000000000000e+00	3.205828470310581688e-04
2.705999999999999872e+01	3.022096000000000004e+03	3.019280501282399200e+03	2.815498717600803502e+00	0.000000000000000000e+00
2.733333333333333215e+01	3.020353333333333467e+03	3.020040675598630969e+03	3.126577347024976916e-01	0.000000000000000000e+00
2.760666666666666558e+01	2.993197333333333518e+03	2.981537555957551831e+03	1.165977737578168671e+01	0.000000000000000000e+00
2.787999999999999901e+01	2.945496000000000095e+03	2.941986416925940830e+03	3.509583074059264618e+00	0.000000000000000000e+00
2.815333333333333243e+01	2.930125999999999749e+03	2.923721304746358328e+03	6.404695253641421004e+00	0.000000000000000000e+00
2.842666666666666586e+01	2.939488666666666631e+03	2.939488666666666631e+03	0.000000000000000000e+00	7.047183404260246205e-05
2.869999999999999929e+01	2.965940000000000055e+03	2.965940000000000055e+03	0.000000000000000000e+00	5.565005961482531868e-04
2.897333333333333272e+01	2.958596666666666806e+03	2.958596666666666806e+03	0.000000000000000000e+00	9.313272733860730257e-04
2.924666666666666615e+01	2.921458666666666886e+03	2.921458666666666886e+03	0.000000000000000000e+00	1.094198856275731529e-03
2.951999999999999957e+01	2.896443999999999960e+03	2.896443999999999960e+03	0.000000000000000000e+00	9.257251716482669613e-04
2.979333333333333300e+01	2.896074666666666417e+03	2.896074666666666417e+03	0.000000000000000000e+00	1.083800655389945003e-03
3.006666666666666643e+01	2.913103333333333012e+03	2.913103333333333012e+03	0.000000000000000000e+00	8.227920414914722917e-04
3.033999999999999986e+01	2.954746000000000095e+03	2.954746000000000095e+03	0.000000000000000000e+00	1.318276491226940805e-03
3.061333333333332973e+01	3.003141333333332568e+03	3.003141333333332568e+03	0.000000000000000000e+00	1.981675922020562346e-03
3.088666666666666316e+01	3.050469999999999800e+03	3.050469999999999800e+03	0.000000000000000000e+00	1.169037293309533937e-03
3.115999999999999659e+01	3.086311999999999443e+03	3.086311999999999443e+03	0.000000000000000000e+00	1.115436112862318698e-03
3.143333333333333002e+01	3.120263333333332866e+03	3.120263333333332866e+03	0.000000000000000000e+00	8.736443055788931621e-04
3.170666666666666345e+01	3.147849333333332652e+03	3.147849333333332652e+03	0.000000000000000000e+00	4.749262792471798766e-04
3.197999999999999687e+01	3.158445999999999913e+03	3.131800744099072290e+03	2.664525590092762286e+01	0.000000000000000000e+00
3.225333333333333030e+01	3.066368666666667650e+03	3.066368666666667650e+03	0.000000000000000000e+00	6.130973771831441490e-04
3.252666666666666373e+01	3.037655333333333147e+03	3.010224344199281404e+03	2.743098913405174244e+01	0.000000000000000000e+00
3.279999999999999716e+01	3.021369999999999891e+03	2.983957309085748875e+03	3.741269091425101578e+01	0.000000000000000000e+00
3.307333333333333059e+01	2.988398000000000138e+03	2.970383135271840274e+03	1.801486472815986417e+01	0.000000000000000000e+00
3.334666666666666401e+01	2.929416666666666515e+03	2.929416666666666515e+03	0.000000000000000000e+00	4.112553204390893945e-07
3.361999999999999744e+01	2.902284000000000106e+03	2.902284000000000106e+03	0.000000000000000000e+00	3.541538938468269353e-06
3.389333333333333087e+01	2.908277333333333445e+03	2.884657412766272046e+03	2.361992056706139920e+01	0.000000000000000000e+00
3.416666666666666430e+01	2.940216666666666242e+03	2.862552715513755174e+03	7.766395115291106777e+01	0.000000000000000000e+00
3.443999999999999773e+01	2.966167999999999665e+03	2.858332401606548046e+03	1.078355983934516189e+02	0.000000000000000000e+00
3.471333333333333115e+01	2.980647333333333336e+03	2.853704252669218931e+03	1.269430806641144045e+02	0.000000000000000000e+00
3.498666666666666458e+01	2.988219333333333452e+03	2.823522798290563514e+03	1.646965350427699377e+02	0.000000000000000000e+00
3.525999999999999801e+01	2.981346000000000004e+03	2.778595133793786317e+03	2.027508662062136864e+02	0.000000000000000000e+00
3.553333333333333144e+01	2.977510000000000218e+03	2.749992617551253261e+03	2.275173824487469574e+02	0.000000000000000000e+00
3.580666666666666487e+01	2.956248666666666850e+03	2.734218657548455212e+03	2.220300091182116375e+02	0.000000000000000000e+00
3.607999999999999829e+01	2.952628000000000156e+03	2.715276400989613649e+03	2.373515990103865079e+02	0.000000000000000000e+00
3.635333333333333172e+01	2.973331999999999880e+03	2.708787821051986157e+03	2.645441789480137231e+02	0.000000000000000000e+00
3.662666666666666515e+01	2.990647333333333336e+03	2.700189127084414849e+03	2.904582062489184864e+02	0.000000000000000000e+00
3.689999999999999858e+01	2.976670000000000073e+03	2.686377941559523151e+03	2.902920584404769215e+02	0.000000000000000000e+00
3.717333333333333201e+01	2.939910666666667566e+03	2.666650800035157317e+03	2.732598666315102491e+02	0.000000000000000000e+00
3.744666666666666544e+01	2.881773333333333539e+03	2.651531712214759864e+03	2.302416211185736756e+02	0.000000000000000000e+00
3.771999999999999886e+01	2.871086000000000240e+03	2.634865100118494865e+03	2.362208998815053747e+02	0.000000000000000000e+00
3.799333333333333229e+01	2.851445333333333565e+03	2.626336469164699793e+03	2.251088641686337724e+02	0.000000000000000000e+00
3.826666666666666572e+01	2.829099999999999909e+03	2.606900567887865236e+03	2.221994321121346729e+02	0.000000000000000000e+00
3.853999999999999915e+01	2.835036000000000058e+03	2.600239728728730370e+03	2.347962712712696884e+02	0.000000000000000000e+00
3.881333333333333258e+01	2.827218666666666195e+03	2.587657019626578403e+03	2.395616470400877915e+02	0.000000000000000000e+00
3.908666666666666600e+01	2.774870666666667148e+03	2.569036407301217878e+03	2.058342593654492703e+02	0.000000000000000000e+00
3.935999999999999943e+01	2.737903999999999996e+03	2.552189527613876180e+03	1.857144723861238162e+02	0.000000000000000000e+00
3.963333333333333286e+01	2.727093333333333248e+03	2.542995032943776550e+03	1.840983003895566981e+02	0.000000000000000000e+00
3.990666666666666629e+01	2.740601333333333514e+03	2.540465942230305700e+03	2.001353911030278141e+02	0.000000000000000000e+00
4.017999999999999972e+01	2.749500000000000000e+03	2.555888229127901468e+03	1.936117708720985320e+02	0.000000000000000000e+00
4.045333333333333314e+01	2.741996666666666442e+03	2.540809034449724550e+03	2.011876322169418927e+02	0.000000000000000000e+00
4.072666666666666657e+01	2.758509999999999764e+03	2.546186157313280546e+03	2.123238426867192175e+02	0.000000000000000000e+00
4.100000000000000000e+01	2.793900000000000091e+03	2.555644442284693923e+03	2.382555577153061677e+02	0.000000000000000000e+00
