0.000000000000000000	3235.409999999999854481
0.273333333333333317	3235.409999999999854481
0.546666666666666634	3235.409999999999854481
0.819999999999999951	3235.409999999999854481
1.093333333333333268	3235.409999999999854481
1.366666666666666696	3235.409999999999854481
1.639999999999999902	3235.409999999999854481
1.913333333333333108	3235.409999999999854481
2.186666666666666536	3235.409999999999854481
2.459999999999999964	3235.409999999999854481
2.733333333333333393	3235.409999999999854481
3.006666666666666377	3235.409999999999854481
3.279999999999999805	3235.409999999999854481
3.553333333333333233	3235.409999999999854481
3.826666666666666217	3235.409999999999854481
4.099999999999999645	3235.409999999999854481
4.373333333333333073	3235.409999999999854481
4.646666666666666501	3235.409999999999854481
4.919999999999999929	3235.409999999999854481
5.193333333333333357	3235.409999999999854481
5.466666666666666785	3235.409999999999854481
5.739999999999999325	3235.409999999999854481
6.013333333333332753	3235.409999999999854481
6.286666666666666181	3235.409999999999854481
6.559999999999999609	3225.233999999999923602
6.833333333333333037	3191.053333333333284827
7.106666666666666465	3193.041333333333568589
7.379999999999999893	3177.257999999999810825
7.653333333333332433	3149.575333333333674091
7.926666666666665861	3135.815999999999803549
8.199999999999999289	3126.510000000000218279
8.473333333333332718	3165.611333333333277551
8.746666666666666146	3175.714666666666744277
9.019999999999999574	3165.929999999999836291
9.293333333333333002	3165.525333333333492192
9.566666666666666430	3164.323333333333266637
9.839999999999999858	3135.869999999999890861
10.113333333333333286	3159.996666666666897072
10.386666666666666714	3162.558666666666795209
10.660000000000000142	3195.775999999999839929
10.933333333333333570	3202.139539976858031878
11.206666666666665222	3201.562570247006078716
11.479999999999998650	3181.324000000000069122
11.753333333333332078	3167.997015271935651981
12.026666666666665506	3138.189333333333252085
12.299999999999998934	3124.920000000000072760
12.573333333333332362	3129.919658323811290757
12.846666666666665790	3118.146939608097909513
13.119999999999999218	3108.099281614621304470
13.393333333333332646	3105.773046853194500727
13.666666666666666075	3073.637978871096493094
13.939999999999999503	3052.580043417066008260
14.213333333333332931	3091.347884248367790860
14.486666666666666359	3176.367999999999938154
14.759999999999999787	3184.557793227269030467
15.033333333333333215	3095.079999999999927240
15.306666666666664867	3057.224666666666962556
15.579999999999998295	3065.597999999999956344
15.853333333333331723	3069.661333333333459450
16.126666666666665151	3076.339333333333343035
16.399999999999998579	3083.159999999999854481
16.673333333333332007	3106.795333333333474002
16.946666666666665435	3143.477333333333262999
17.219999999999998863	3144.124000000000251021
17.493333333333332291	3169.671999999999570719
17.766666666666665719	3215.393333333332975599
18.039999999999999147	3267.561999999999898137
18.313333333333332575	3250.050666666666529636
18.586666666666666003	3230.554666666666435049
18.859999999999999432	3165.916000000000167347
19.133333333333332860	3082.406666666666751553
19.406666666666666288	3055.555333333333237533
19.679999999999999716	3038.380000000000109139
19.953333333333333144	3041.179333333333488554
20.226666666666666572	3066.671333333333222981
20.500000000000000000	3145.500000000000000000
20.773333333333333428	3164.541999999999916326
21.046666666666666856	3025.599333333333106566
21.320000000000000284	3002.811999999999898137
21.593333333333333712	3015.127999999999701686
21.866666666666667140	3073.490000000000236469
22.139999999999997016	3136.019999999999981810
22.413333333333330444	3118.512000000000170985
22.686666666666663872	3081.584000000000287400
22.959999999999997300	3041.844000000000505679
23.233333333333330728	2998.810000000000400178
23.506666666666664156	2974.583999999999832653
23.779999999999997584	2974.968000000000301952
24.053333333333331012	2993.735333333333073824
24.326666666666664440	3031.338666666666540550
24.599999999999997868	3098.919999999999163265
24.873333333333331296	3125.285793864337847481
25.146666666666664725	3093.346666666666806123
25.419999999999998153	3053.088000000000192813
25.693333333333331581	3036.169693418578390265
25.966666666666665009	3043.449999999999818101
26.239999999999998437	3032.895999999999730790
26.513333333333331865	3014.063999999999850843
26.786666666666665293	3021.841999999999643478
27.059999999999998721	3019.280501282399200136
27.333333333333332149	3020.040675598630969034
27.606666666666665577	2981.537555957551830943
27.879999999999999005	2941.986416925940829969
28.153333333333332433	2923.721304746358327975
28.426666666666665861	2939.488666666666631500
28.699999999999999289	2965.940000000000054570
28.973333333333332718	2958.596666666666806123
29.246666666666666146	2921.458666666666886158
29.519999999999999574	2896.443999999999959982
29.793333333333333002	2896.074666666666416859
30.066666666666666430	2913.103333333333011979
30.339999999999999858	2954.746000000000094587
30.613333333333329733	3003.141333333332568145
30.886666666666663161	3050.469999999999799911
31.159999999999996589	3086.311999999999443389
31.433333333333330017	3120.263333333332866459
31.706666666666663446	3147.849333333332651819
31.979999999999996874	3131.800744099072289828
32.253333333333330302	3066.368666666667650134
32.526666666666663730	3010.224344199281404144
32.799999999999997158	2983.957309085748875077
33.073333333333330586	2970.383135271840274072
33.346666666666664014	2929.416666666666515084
33.619999999999997442	2902.284000000000105501
33.893333333333330870	2884.657412766272045701
34.166666666666664298	2862.552715513755174470
34.439999999999997726	2858.332401606548046402
34.713333333333331154	2853.704252669218931260
34.986666666666664582	2823.522798290563514456
35.259999999999998010	2778.595133793786317256
35.533333333333331439	2749.992617551253260899
35.806666666666664867	2734.218657548455212236
36.079999999999998295	2715.276400989613648562
36.353333333333331723	2708.787821051986156817
36.626666666666665151	2700.189127084414849378
36.899999999999998579	2686.377941559523151227
37.173333333333332007	2666.650800035157317325
37.446666666666665435	2651.531712214759863855
37.719999999999998863	2634.865100118494865455
37.993333333333332291	2626.336469164699792600
38.266666666666665719	2606.900567887865236116
38.539999999999999147	2600.239728728730369767
38.813333333333332575	2587.657019626578403404
39.086666666666666003	2569.036407301217877830
39.359999999999999432	2552.189527613876180112
39.633333333333332860	2542.995032943776550383
39.906666666666666288	2540.465942230305699923
40.179999999999999716	2555.888229127901468019
40.453333333333333144	2540.809034449724549631
40.726666666666666572	2546.186157313280546077
41.000000000000000000	2555.644442284693923284
