#distance(km)	flowwidth
0.0	5.0936856215281556e-11
0.1	5.5330540086282905e-11
0.2	6.010321197092819e-11
0.3	6.528756241289398e-11
0.4	7.091910175914179e-11
0.5	7.703640338898919e-11
0.6	8.36813679235026e-11
0.7	9.089951022492162e-11
0.8	9.874027115192482e-11
0.9	1.0725735620611308e-10
1.0	1.1650910338927872e-10
1.1	1.2655888279110852e-10
1.2	1.3747553064430718e-10
1.3	1.4933382082021384e-10
1.4	1.622149769944328e-10
1.5	1.762072289905713e-10
1.6	1.914064171127752e-10
1.7	2.0791664860645447e-10
1.8	2.258510107436444e-10
1.9	2.4533234541729677e-10
2.0	2.6649409055011724e-10
2.1	2.894811940811738e-10
2.2	3.144511067906881e-10
2.3	3.4157486076336216e-10
2.4	3.710382408772151e-10
2.5	4.0304305734207277e-10
2.6	4.3780852800399517e-10
2.7	4.755727798837744e-10
2.8	5.1659448023433e-10
2.9	5.611546082889731e-10
3.0	6.095583798361787e-10
3.1	6.621373378032868e-10
3.2	7.192516231686501e-10
3.3	7.812924417568918e-10
3.4	8.486847438136619e-10
3.5	9.218901347137051e-10
3.6	1.0014100367392188e-09
3.7	1.0877891235851782e-09
3.8	1.1816190511163758e-09
3.9	1.2835425099300775e-09
4.0	1.394257627482473e-09
4.1	1.5145227499313234e-09
4.2	1.6451616364482635e-09
4.3	1.787069101579265e-09
4.4	1.941217144300796e-09
4.5	2.108661605752794e-09
4.6	2.290549401250788e-09
4.7	2.488126376113011e-09
4.8	2.702745839111221e-09
4.9	2.935877831995311e-09
5.0	3.1891191985835827e-09
5.1	3.464204522387168e-09
5.2	3.76301800768617e-09
5.3	4.087606385437237e-09
5.4	4.4401929324120315e-09
5.5	4.8231926995908324e-09
5.6	5.239229054118852e-09
5.7	5.691151648129621e-09
5.8	6.1820559375134655e-09
5.9	6.715304384325386e-09
6.0	7.294549488058804e-09
6.1	7.923758803538501e-09
6.2	8.607242116793459e-09
6.3	9.349680965051497e-09
6.4	1.0156160703053678e-08
6.5	1.1032205335327574e-08
6.6	1.1983815353003916e-08
6.7	1.3017508834341212e-08
6.8	1.4140366090476771e-08
6.9	1.5360078162207317e-08
7.0	1.6684999499978518e-08
7.1	1.812420518791667e-08
7.2	1.9687553103860057e-08
7.3	2.1385751441156762e-08
7.4	2.3230432054721292e-08
7.5	2.5234230133735848e-08
7.6	2.7410870746716368e-08
7.7	2.9775262851736363e-08
7.8	3.2343601415733786e-08
7.9	3.51334783423701e-08
8.0	3.816400296824461e-08
8.1	4.14559329528069e-08
8.2	4.50318164584995e-08
8.3	4.891614659499982e-08
8.4	5.3135529185429686e-08
8.5	5.771886500365208e-08
8.6	6.269754773089444e-08
8.7	6.810567898760759e-08
8.8	7.398030191342672e-08
8.9	8.036165489514679e-08
9.0	8.729344718062855e-08
9.1	9.482315826646053e-08
9.2	1.0300236311004029e-07
9.3	1.1188708539362389e-07
9.4	1.2153818126003526e-07
9.5	1.320217561484448e-07
9.6	1.4340961758534026e-07
9.7	1.5577976703210068e-07
9.8	1.692169341580912e-07
9.9	1.838131571987988e-07
10.0	1.9966841337418686e-07
10.1	2.1689130368533647e-07
10.2	2.3559979677990682e-07
10.3	2.559220369815413e-07
10.4	2.779972220178385e-07
10.5	3.0197655645890896e-07
10.6	3.280242873971208e-07
10.7	3.563188294619487e-07
10.8	3.870539868757538e-07
10.9	4.204402809209794e-07
11.0	4.567063919113075e-07
11.1	4.961007255435806e-07
11.2	5.388931143592642e-07
11.3	5.853766659696527e-07
11.4	6.358697707042906e-07
11.5	6.907182824340465e-07
11.6	7.502978875064489e-07
11.7	8.150166780193676e-07
11.8	8.853179470587488e-07
11.9	9.616832250464598e-07
12.0	1.0446355779957875e-06
12.1	1.1347431902660766e-06
12.2	1.2326232563567065e-06
12.3	1.3389462083972925e-06
12.4	1.427626122879668e-06
12.5	1.560401314810534e-06
12.6	1.7042683772161877e-06
12.7	1.860037144330289e-06
12.8	2.0285659414833466e-06
12.9	2.210763539708808e-06
13.0	2.4075911070126298e-06
13.1	2.6200641483352824e-06
13.2	2.8492544260705566e-06
13.3	3.096291851949352e-06
13.4	3.362366340812831e-06
13.5	3.6487292370508567e-06
13.6	3.956647378099435e-06
13.7	4.2872164701187295e-06
13.8	4.641586464144974e-06
13.9	5.02117160082428e-06
14.0	5.427504220380177e-06
14.1	5.862199092435934e-06
14.2	6.326957800602377e-06
14.3	6.8235733605640605e-06
14.4	7.353935078361633e-06
14.5	7.9200336551977e-06
14.6	8.523966544405755e-06
14.7	9.167943564865397e-06
14.8	9.8542927745351e-06
14.9	1.058546660579453e-05
15.0	1.1364048263765314e-05
15.1	1.2192758386087588e-05
15.2	1.3074461961572723e-05
15.3	1.4012175503080233e-05
15.4	1.500907446816026e-05
15.5	1.606851263908841e-05
15.6	1.7194160591367568e-05
15.7	1.8390100120131503e-05
15.8	1.9660509457831483e-05
15.9	2.100962287415284e-05
16.0	2.2441862728921584e-05
16.1	2.3961884698326947e-05
16.2	2.5574590853833304e-05
16.3	2.7285143719874672e-05
16.4	2.909898138862619e-05
16.5	3.102183376539178e-05
16.6	3.3059740011274e-05
16.7	3.521906723748799e-05
16.8	3.750653048929869e-05
16.9	3.992920680453474e-05
17.0	4.249446276456696e-05
17.1	4.520995245008722e-05
17.2	4.808541149397256e-05
17.3	5.113113269994832e-05
17.4	5.435452813869344e-05
17.5	5.776555735899004e-05
17.6	6.137468113579052e-05
17.7	6.519287151209025e-05
17.8	6.923161869193097e-05
17.9	7.350555110460551e-05
18.0	7.802984737434222e-05
18.1	8.28139055045292e-05
18.2	8.787149394919646e-05
18.3	9.321687940507816e-05
18.4	9.887642511377377e-05
18.5	0.0001048627453052
18.6	0.0001111849117771
18.7	0.000117858920151
18.8	0.0001249134547213
18.9	0.0001323834009578
19.0	0.0001402790604018
19.1	0.0001485997096282
19.2	0.0001573626582048
19.3	0.0001666669298488
19.4	0.000176447463406
19.5	0.0001867305309957
19.6	0.0001976081984818
19.7	0.0002090008969087
19.8	0.0002210139428637
19.9	0.0002335773502078
20.0	0.0002467809142276
20.1	0.0002605632853008
20.2	0.0002749565603603
20.3	0.0002899724609427
20.4	0.0003055660478174
20.5	0.0003241719827939
20.6	0.0003439164728315
20.7	0.0003648703780279
20.8	0.000387108954975
20.9	0.0004107121165632
21.0	0.0004357647043256
21.1	0.0004623567749205
21.2	0.0004905822168517
21.3	0.0005205461770376
21.4	0.000552357353717
21.5	0.0005861293123319
21.6	0.0006219824438267
21.7	0.0006600443492745
21.8	0.0007004502472699
21.9	0.0007433434011902
22.0	0.0007888755681292
22.1	0.0008372074690578
22.2	0.0008885092819295
22.3	0.0009429611579943
22.4	0.001000753762143
22.5	0.0010620888380065
22.6	0.0011271797985324
22.7	0.0011962523425226
22.8	0.0012695450983571
22.9	0.0013473102942779
23.0	0.0014298144573675
23.1	0.0015173391402077
23.2	0.0016101816768386
23.3	0.0017086559673583
23.4	0.0018130932921587
23.5	0.0019238431555118
23.6	0.0020412741586207
23.7	0.0021657749022399
23.8	0.0022977549181075
23.9	0.0024376456294467
24.0	0.0025859013391409
24.1	0.002743000245596
24.2	0.0029094454843179
24.3	0.0030857661946936
24.4	0.0032725186100687
24.5	0.0034702871688591
24.6	0.0036796856451263
24.7	0.0039013582956009
24.8	0.0041359810196879
24.9	0.0043842625300144
25.0	0.00464694552859
25.1	0.0049248078845076
25.2	0.0052186638078545
25.3	0.0055293650146046
25.4	0.0058578018754349
25.5	0.0062049045418445
25.6	0.0065716440418965
25.7	0.0069590333361296
25.8	0.007368128325032
25.9	0.0078000287971632
26.0	0.0082558793064526
26.1	0.0087368699668162
26.2	0.0092442371500763
26.3	0.0097792640731799
26.4	0.0103432812591532
26.5	0.0109376668551038
26.6	0.0115638467897629
26.7	0.0122232947519038
26.8	0.0129175319700797
26.9	0.0136481267734135
27.0	0.0144166939115276
27.1	0.0152248936127876
27.2	0.0160744303576787
27.3	0.0169670513453514
27.4	0.0179045446308839
27.5	0.0188887369110194
27.6	0.0199214550168692
27.7	0.0210046257366994
27.8	0.0221401762767153
27.9	0.023330057920603
28.0	0.0245762432294393
28.1	0.0258807098942087
28.2	0.0272453892249666
28.3	0.0286721800853231
28.4	0.0301629603098718
28.5	0.0317195780555815
28.6	0.0333438426522233
28.7	0.0350375149937859
28.8	0.0368022975245102
28.9	0.0386398238848221
29.0	0.0405516482955368
29.1	0.042539234771398
29.2	0.044603946775901
29.3	0.0467470442383586
29.4	0.0489696712103384
29.5	0.0512728359031933
29.6	0.0536574037804078
29.7	0.0561241499127789
29.8	0.0586742174057467
29.9	0.0613091327574001
30.0	0.064030424189066
30.1	0.0668396229519481
30.2	0.0697382648547925
30.3	0.0727278920118656
30.4	0.0758100435062894
30.5	0.0789860381848419
30.6	0.0822565267840104
30.7	0.0856219407040689
30.8	0.0890826197141314
30.9	0.092638813418316
31.0	0.0962908260066354
31.1	0.1000389003539225
31.2	0.103883071838797
31.3	0.1078234382802471
31.4	0.111861969583426
31.5	0.1159999752239523
31.6	0.1202350902844726
31.7	0.124564146040838
31.8	0.128982655295354
31.9	0.1334866983372197
32.0	0.1380737065228175
32.1	0.1427414149347361
32.2	0.1474878189056001
32.3	0.1523111758596935
32.4	0.1572100061856503
32.5	0.1621830933408427
32.6	0.1672294849414084
32.7	0.1723485720532465
32.8	0.1775402260930521
32.9	0.1828045700922239
33.0	0.1881418498693625
33.1	0.1935524362153162
33.2	0.1990368269714587
33.3	0.2045956490335372
33.4	0.2102296603078227
33.5	0.2159402033015305
33.6	0.2217282872618558
33.7	0.2275946909187225
33.8	0.233540713927722
33.9	0.2395677970834502
34.0	0.2456775243718638
34.1	0.2518716250644414
34.2	0.2581521200612192
34.3	0.2645239114541577
34.4	0.2709869130936675
34.5	0.2775439638836767
34.6	0.2841982138480619
34.7	0.290953125791449
34.8	0.297812476758125
34.9	0.3047803591852356
35.0	0.3118611816141343
35.1	0.3190596687893332
35.2	0.3263808609339465
35.3	0.3338301119428353
35.4	0.3414131377166989
35.5	0.3491374440934124
35.6	0.3570115358972484
35.7	0.3650525855125272
35.8	0.3732606204221727
35.9	0.3816435712047882
36.0	0.3902054768535301
36.1	0.3989503587720457
36.2	0.4078813587323983
36.3	0.4170001536518808
36.4	0.4263069105588657
36.5	0.4358005386298119
36.6	0.4454784382039766
36.7	0.4553361409625511
36.8	0.465379230624074
36.9	0.4755873327883606
37.0	0.4859505168857452
37.1	0.4964527116066623
37.2	0.5070787833512079
37.3	0.5178192448669159
37.4	0.5286696000011933
37.5	0.5396216062582688
37.6	0.5506690539615811
37.7	0.5617983666522638
37.8	0.5729999075772622
37.9	0.5842656501646468
38.0	0.5955886401262498
38.1	0.6069674479917888
38.2	0.6183927029004616
38.3	0.6298604716461343
38.4	0.6413679395891422
38.5	0.6529168341215665
38.6	0.6645021609707911
38.7	0.676123078797583
38.8	0.6877811648107975
38.9	0.6994769484355132
39.0	0.7112100190945569
39.1	0.7229827334860986
39.2	0.7347968392256949
39.3	0.7466540511746264
39.4	0.7585576032632816
39.5	0.7705119450159961
39.6	0.7825188528654061
39.7	0.7945807836756748
39.8	0.8067042693916006
39.9	0.8188927152263287
40.0	0.8311587968138706
40.1	0.8435022803914166
40.2	0.8559317353241797
40.3	0.8684505486470012
40.4	0.8810678713036387
40.5	0.8937854228224332
40.6	0.906608636807806
40.7	0.9195446303273296
40.8	0.9325964555736996
40.9	0.9457747846984548
41.0	0.9590917144930412
41.1	0.972560480951988
41.2	0.9861931437319432
41.3	1.0
